BossRush
6 0 43 703 (s:0, 0)

703, 
BossRush
6 0 43 541 (s:0, 0)

703, 541, 
BossRush
6 0 43 511 (s:0, 0)

703, 541, 511, 
BossRush
6 0 43 329 (s:0, 0)

703, 541, 511, 329, 
BossRush
6 0 43 614 (s:0, 0)

703, 541, 511, 329, 614, 
BossRush
6 0 43 849 (s:0, 0)

703, 541, 511, 329, 614, 849, 
BossRush
6 0 43 -916 (s:0, 0)

703, 541, 511, 329, 614, 849, -916, 
BossRush
6 0 43 778 (s:0, 0)

703, 541, 511, 329, 614, 849, -916, 778, 
BossRush
6 0 43 -274 (s:0, 0)

703, 541, 511, 329, 614, 849, -916, 778, -274, 
BossRush
6 0 43 468 (s:0, 0)

703, 541, 511, 329, 614, 849, -916, 778, -274, 468, 
BossRush
6 0 43 -469 (s:0, 0)

703, 541, 511, 329, 614, 849, -916, 778, -274, 468, -469, 
BossRush
6 0 43 -326 (s:0, 0)

703, 541, 511, 329, 614, 849, -916, 778, -274, 468, -469, -326, 
BossRush
6 0 43 -478 (s:0, 0)

703, 541, 511, 329, 614, 849, -916, 778, -274, 468, -469, -326, -478, 
BossRush
6 0 43 245 (s:0, 0)

703, 541, 511, 329, 614, 849, -916, 778, -274, 468, -469, -326, -478, 245, 
BossRush
6 0 43 681 (s:0, 0)

703, 541, 511, 329, 614, 849, -916, 778, -274, 468, -469, -326, -478, 245, 681, 
BossRush
6 0 43 469 (s:0, 0)

703, 541, 511, 329, 614, 849, -916, 778, -274, 468, -469, -326, -478, 245, 681, 469, 
BossRush
6 0 43 223 (s:0, 0)

703, 541, 511, 329, 614, 849, -916, 778, -274, 468, -469, -326, -478, 245, 681, 469, 223, 
BossRush
6 0 43 -77 (s:0, 0)

703, 541, 511, 329, 614, 849, -916, 778, -274, 468, -469, -326, -478, 245, 681, 469, 223, -77, 
BossRush
6 0 43 166 (s:0, 0)

703, 541, 511, 329, 614, 849, -916, 778, -274, 468, -469, -326, -478, 245, 681, 469, 223, -77, 166, 
BossRush
6 0 43 -500 (s:0, 0)

703, 541, 511, 329, 614, 849, -916, 778, -274, 468, -469, -326, -478, 245, 681, 469, 223, -77, 166, -500, 
